11101
11104
11107
11111
11121
11100
11141
11144
11097
11098
11148
11156
11161
11099
11169
11105
11113
11120
11135
11145
11147
11170
11171
11172
11173
11174
11175
11176
11177
11178
11179
11180
11181
11182
11183
11184
11185
11186
11187
11188
11189
11190
11191
11192
11193
11194
11195
11196
11197
11198
11199
11200
11201
11202
11203
11106
11110
11124
11125
11126
11127
11128
11129
11130
11131
11133
11134
11137
11138
11139
11142
11146
11152
11158
11160
11166
11168
11204
11102
11103
11108
11109
11112
11116
11117
11118
11119
11122
11123
11132
11136
11140
11143
11150
11151
11153
11154
11155
11159
11162
11163
11164
11165
11167
